gamma=1,alpha=1.0,MAPE=0.71327219479
gamma=0.0001,alpha=0.1,MAPE=0.735978750177
